WER = 0.14285714285714285
CER = 0.11363636363636363
