WER = 0.5714285714285714
CER = 0.13636363636363635
