WER = 0.42857142857142855
CER = 0.20930232558139536
