WER = 0.16666666666666666
CER = 0.10714285714285714
