WER = 0.29444444444444445
CER = 0.11899791231732777
